19990 6050150 8458112
6065 6050161 8458109
6023 6050187 8458121
6022 6050175 8458139
6025 6050191 8458159
6024 6050214 8458178
4215 6050237 8458205
4216 6050285 8458180
6039 6050314 8458169
6038 6050312 8458140
6037 6050299 8458109
6036 6050294 8458078
6035 6050289 8458047
3995 6050269 8458048
6034 6050281 8458019
6033 6050273 8457985
6032 6050257 8457947
6031 6050252 8457921
6030 6050242 8457895
6029 6050248 8457860
6028 6050240 8457810
6027 6050249 8457779
6026 6050229 8457771
6048 6050223 8457729
4197 6050229 8457734
6057 6050168 8457688
6056 6050155 8457661
6055 6050132 8457630
6054 6050114 8457605
6053 6050097 8457579
6052 6050085 8457549
6051 6050069 8457523
6050 6050055 8457493
6049 6050034 8457459
6062 6050017 8457431
6061 6050004 8457404
6060 6049985 8457377
6059 6049976 8457354
6058 6049961 8457327
5167 6049945 8457303
5166 6049879 8457209
5071 6049830 8457096
4284 6049792 8457054
4285 6049735 8457029
4286 6049626 8456842
5165 6049522 8456751
5171 6049365 8456630
5173 6049247 8456597
5172 6049046 8456485
5170 6048834 8456367
5174 6048657 8456273
5175 6048532 8456234
5181 6048397 8456108
5072 6048275 8456031
5180 6048381 8456123
5177 6048158 8455961
5169 6048322 8456156
5176 6048039 8455891
5168 6048320 8456157
5179 6047959 8455801
5178 6047931 8455770
5254 6047801 8455615
5256 6047726 8455521
5255 6047669 8455455
5101 6047642 8455471
5102 6047577 8455357
5257 6047559 8455538
5103 6047455 8455263
5258 6047496 8455598
5104 6047405 8455213
5260 6047456 8455637
5107 6047315 8455141
5261 6047434 8455670
5259 6047454 8455638
5106 6047326 8455141
5108 6047254 8455116
5262 6047412 8455688
5105 6047329 8455141
5109 6047159 8455046
5263 6047371 8455790
5110 6046969 8454997
5264 6047248 8455967
5111 6046923 8454982
5266 6047240 8455983
5112 6046832 8454883
5265 6047239 8455986
5115 6046730 8454768
5268 6046651 8454675
5114 6046710 8454798
5267 6046539 8454548
5113 6046708 8454801
5116 6046491 8454497
5117 6046407 8454456
5119 6046182 8454348
4204 6046200 8454333
5118 6046027 8454276
5100 6045941 8454270
4201 6045951 8454226
5121 6045851 8454257
4200 6045960 8454172
4205 6045841 8454236
5122 6045758 8454251
4206 6045799 8454220
4199 6045833 8454216
5132 6045346 8454212
4208 6045773 8454204
5134 6045284 8454206
4207 6045733 8454179
5133 6045142 8454193
4203 6045652 8454104
5123 6044759 8454158
4202 6045618 8454081
4280 6044438 8454178
5138 6044134 8454196
5136 6044138 8454246
5137 6043970 8454227
5135 6044145 8454285
5124 6043732 8454262
5125 6043931 8454256
5120 6044146 8454288
5141 6043533 8454295
5140 6043928 8454319
5162 6043398 8454321
5139 6043928 8454322
5160 6043387 8454451
5161 6043267 8454247
5143 6043427 8454526
5145 6043337 8454613
5128 6043060 8454372
5088 6043218 8454187
5142 6043518 8454651
5144 6043336 8454615
5129 6043026 8454389
5087 6043196 8454148
5147 6043558 8454728
5159 6042971 8454419
6047 6043147 8454055
5146 6043649 8454854
5158 6042895 8454447
6046 6043132 8453952
5084 6043084 8454067
5090 6043197 8454036
5149 6043792 8455078
5164 6042828 8454484
5804 6043112 8453906
5085 6043019 8454081
5089 6043200 8454036
5148 6043828 8455146
5163 6042761 8454514
5805 6043050 8453683
6045 6042946 8454094
5151 6043870 8455220
5131 6042699 8454541
5806 6043009 8453649
6044 6042817 8454125
5150 6043859 8455362
5130 6042696 8454541
5807 6042812 8453463
6043 6042708 8454168
5153 6043861 8455437
5808 6042687 8453358
6042 6042534 8454226
5152 6043923 8455555
5844 6042643 8453318
5086 6042450 8454212
5127 6043941 8455583
5843 6042405 8453116
6041 6042425 8454218
5155 6043964 8455609
5126 6043942 8455586
5831 6042250 8452977
6040 6042422 8454219
5154 6044208 8455921
5832 6042181 8452924
5157 6044222 8455958
5835 6042070 8452827
5156 6044225 8455966
5834 6042102 8452763
5833 6042058 8452838
5845 6041970 8452719
4214 6042066 8452745
5840 6042117 8452733
5810 6041980 8452859
5846 6041891 8452670
4213 6042062 8452743
5839 6042118 8452730
5809 6041977 8452860
5848 6041815 8452600
5847 6041823 8452664
5811 6041697 8452484
5836 6041823 8452666
5838 6041790 8452689
6021 6041613 8452424
5837 6041754 8452709
5812 6041614 8452371
6236 6041460 8452374
5519 6041567 8452823
4196 6041606 8452339
5842 6041627 8452186
6235 6041465 8452311
6020 6041377 8452352
5518 6041511 8452854
4195 6041601 8452299
5841 6041634 8452129
6221 6041471 8452257
6019 6041268 8452319
5517 6041509 8452854
5813 6041636 8452085
6220 6041471 8452254
6018 6041153 8452313
5814 6041751 8451881
6017 6041026 8452304
5815 6041737 8451822
6016 6040926 8452296
5817 6041740 8451785
5818 6041724 8451749
6009 6040850 8452362
5816 6041740 8451782
5820 6041713 8451665
6010 6040858 8452343
6267 6040709 8452477
5822 6041707 8451651
5819 6041722 8451433
6246 6040779 8452266
6015 6040885 8452296
6265 6040739 8452514
6266 6040638 8452538
5821 6041706 8451648
4194 6041724 8451401
6245 6040739 8452223
6013 6040918 8452195
6014 6040885 8452293
6264 6040765 8452547
6263 6040659 8452567
6239 6040490 8452646
5823 6041727 8451346
6244 6040690 8452176
6012 6040905 8452062
6008 6040767 8452549
6262 6040701 8452694
6238 6040357 8452760
5824 6041782 8451341
5560 6041740 8451231
6243 6040688 8452174
6271 6040892 8451942
6261 6040711 8452739
6242 6040302 8452761
5826 6041923 8451331
5562 6041719 8451159
6270 6040882 8451768
6260 6040712 8452742
6241 6040197 8452742
5825 6041977 8451346
5564 6041713 8451131
5561 6041696 8451028
6011 6040865 8451638
6282 6040120 8452737
5521 6042122 8451380
5563 6041712 8451128
5566 6041737 8451007
5556 6041655 8450859
6269 6040864 8451615
6281 6040098 8452736
5520 6042255 8451400
5565 6041740 8451006
5568 6041640 8450802
6268 6040859 8451591
6007 6040149 8452759
6355 6040052 8452730
5523 6042428 8451441
5567 6041620 8450718
4279 6040858 8451587
6006 6040152 8452760
6353 6040055 8452771
6354 6039950 8452716
5522 6042546 8451460
5737 6041618 8450650
6352 6040066 8452796
6259 6039806 8452701
5828 6042669 8451491
5736 6041652 8450562
6351 6040094 8452862
6005 6039689 8452733
5827 6042733 8451412
5830 6042705 8451505
5738 6041487 8450481
5557 6041695 8450483
6350 6040059 8453002
6004 6039565 8452768
5528 6042798 8451331
5524 6042793 8451414
5829 6042707 8451506
5740 6041385 8450428
5558 6041767 8450354
6349 6040026 8453078
6258 6039447 8452801
5530 6042795 8451313
5533 6042883 8451222
5525 6042978 8451506
5741 6041356 8450410
5739 6041382 8450427
5559 6041839 8450226
6346 6039952 8453118
6348 6040070 8453111
6257 6039313 8452833
5529 6042779 8451240
5534 6042953 8451239
5527 6043017 8451524
5742 6041192 8450321
5749 6041833 8450139
5751 6041965 8450158
6345 6039848 8453193
6347 6040082 8453119
6256 6039157 8452877
5532 6042734 8451189
5535 6043045 8451232
5526 6043020 8451525
5743 6041039 8450288
5748 6041833 8450136
5750 6042023 8450087
6344 6039772 8453255
6255 6039055 8452905
5531 6042733 8451188
5553 6043144 8451144
5744 6040904 8450252
5753 6042115 8449990
6343 6039667 8453341
6254 6038977 8452925
5555 6043313 8451100
5745 6040656 8450193
5752 6042189 8449907
6342 6039583 8453406
6237 6038866 8452957
5554 6043480 8451027
5747 6040608 8450181
5438 6042209 8449878
6341 6039521 8453457
6253 6038741 8452989
5539 6043690 8450953
5746 6040605 8450180
5754 6042185 8449847
5439 6042290 8449791
6340 6039482 8453563
6252 6038574 8453008
5541 6043711 8450988
5536 6043740 8450845
5755 6042061 8449727
5440 6042340 8449741
6339 6039469 8453601
6251 6038566 8452951
6003 6038477 8453022
5540 6043718 8451089
5538 6043740 8450824
5756 6041926 8449594
5441 6042397 8449682
6250 6038566 8452948
6002 6038341 8453034
5542 6043722 8451223
5547 6043755 8450725
5758 6041904 8449572
6336 6042461 8449652
6001 6038211 8453045
5543 6043723 8451357
5546 6043769 8450647
5757 6041902 8449570
6334 6042440 8449616
6335 6042530 8449628
6249 6038161 8453058
5545 6043723 8451412
5548 6043801 8450468
6333 6042385 8449499
5443 6042452 8449592
5760 6042639 8449578
6248 6037973 8453036
5544 6043725 8451451
5550 6043764 8450338
6332 6042343 8449453
5442 6042449 8449591
5759 6042684 8449481
6247 6037892 8453019
5537 6043725 8451454
5549 6043721 8450178
6331 6042313 8449355
5764 6042723 8449392
6240 6037805 8453010
4212 6043686 8450182
5552 6043685 8450118
6330 6042303 8449280
5762 6042730 8449406
5763 6042799 8449214
5858 6037666 8452976
6234 6037757 8453063
4211 6043568 8450174
5551 6043683 8450115
6329 6042298 8449242
5761 6042731 8449409
4188 6042782 8449191
5765 6042807 8449181
5860 6037528 8452946
6233 6037823 8453242
4210 6043545 8450171
6328 6042290 8449222
4190 6042664 8449081
5767 6042854 8449077
5859 6037358 8452996
6232 6037780 8453338
4209 6043539 8450170
6327 6042289 8449190
4189 6042603 8449020
5445 6042805 8449085
5766 6042879 8449005
5857 6037368 8453026
5862 6037207 8453037
6231 6037750 8453448
6326 6042307 8449186
4193 6042444 8448876
5444 6042802 8449086
5475 6042886 8448653
5861 6037039 8453090
4198 6037743 8453449
6230 6037718 8453561
6325 6042332 8449175
4192 6042425 8448858
5474 6042878 8448693
5447 6042895 8448405
5850 6036907 8453067
6229 6037688 8453633
4191 6042409 8448848
5473 6042864 8448755
5448 6042871 8448390
5446 6042993 8448319
5863 6036793 8453046
6227 6037728 8453678
6228 6037687 8453754
5435 6042863 8448758
5449 6042821 8448365
5454 6043045 8448282
5865 6036640 8453019
6219 6037765 8453716
6226 6037703 8453839
5450 6042702 8448299
5453 6043188 8448248
5864 6036657 8452941
5867 6036561 8453003
6218 6037767 8453718
6225 6037740 8453930
5452 6042592 8448244
5456 6043210 8448223
5436 6043396 8448187
5852 6036684 8452880
5866 6036572 8453054
5935 6036439 8452937
6224 6037773 8454034
5451 6042560 8448229
5455 6043212 8448222
5458 6043699 8447944
5851 6036685 8452877
5941 6036632 8453300
5936 6036355 8452890
6223 6037819 8454040
6217 6037718 8454117
5457 6043695 8447913
5459 6043758 8447906
5940 6036644 8453370
5937 6036256 8452863
6222 6037882 8454043
6206 6037678 8454198
5437 6043695 8447911
5460 6043837 8447795
5849 6036667 8453465
5939 6036288 8452831
5910 6035868 8452740
6216 6037884 8454043
6205 6037741 8454273
5462 6043824 8447703
5489 6043881 8447760
5853 6036672 8453622
5938 6036461 8452660
5911 6035784 8452713
5909 6035968 8452703
6204 6037788 8454310
5461 6043803 8447748
5463 6043875 8447588
5488 6043925 8447748
5855 6036666 8453670
5927 6036687 8452447
5929 6036426 8452618
5912 6035678 8452755
5908 6036048 8452679
6203 6037836 8454358
3994 6043785 8447788
5466 6043865 8447541
5493 6044034 8447740
5854 6036666 8453673
5869 6036771 8452356
5928 6036347 8452654
5930 6036376 8452558
5915 6035651 8452705
6324 6035640 8452765
5907 6036052 8452675
6202 6037917 8454429
5468 6043860 8447510
5492 6044213 8447787
5868 6036962 8452185
5926 6036286 8452711
5932 6036317 8452486
5916 6035606 8452616
6322 6035623 8452751
6323 6035611 8452772
6200 6037919 8454431
6201 6037932 8454440
5467 6043795 8447390
5495 6044286 8447801
5490 6044192 8447909
5856 6037143 8452017
5925 6036284 8452713
5931 6036379 8452447
5934 6036279 8452445
5918 6035569 8452637
5919 6035547 8452514
4178 6035593 8452722
5914 6035489 8452820
6199 6037952 8454456
5470 6043668 8447165
5494 6044289 8447802
5662 6044266 8447976
3984 6037079 8451955
5874 6037196 8451961
5880 6036551 8452337
5933 6036227 8452410
5917 6035562 8452638
5921 6035537 8452473
4177 6035577 8452706
5913 6035382 8452859
6198 6037962 8454471
5469 6043520 8446946
5661 6044343 8448037
3983 6036984 8451868
5875 6037328 8451848
5870 6036834 8452147
5920 6035533 8452469
3988 6035555 8452721
4179 6035556 8452686
6275 6035355 8452866
6197 6037983 8454488
5465 6043529 8446947
5472 6043478 8446799
4176 6044356 8448049
5664 6044384 8448004
3982 6036941 8451813
5877 6037454 8451725
5871 6036903 8452100
3987 6035535 8452743
4180 6035480 8452615
6276 6035350 8452867
6273 6035357 8452871
6196 6038005 8454509
5464 6043532 8446947
5471 6043496 8446629
4175 6044408 8448087
5663 6044385 8448002
5876 6037508 8451669
5873 6036884 8452063
3986 6035502 8452759
4182 6035444 8452575
6278 6035344 8452869
6272 6035348 8452861
6195 6038022 8454527
5478 6043385 8446536
4174 6044436 8448137
5879 6037556 8451621
5770 6036820 8451941
5872 6036883 8452060
4181 6035417 8452549
6274 6035345 8452874
6277 6035321 8452875
6194 6038039 8454536
5481 6043283 8446454
4173 6044458 8448180
5878 6037623 8451616
5902 6036695 8451775
5373 6035372 8452843
5671 6035297 8452900
6193 6038059 8454556
5479 6043240 8446401
5480 6043281 8446453
4172 6044491 8448206
5888 6037806 8451609
5903 6036640 8451695
5372 6035303 8452733
5675 6035266 8452920
6192 6038161 8454624
5497 6043116 8446176
4171 6044538 8448241
5923 6037862 8451608
5889 6037822 8451588
5904 6036596 8451629
5356 6035255 8452633
5674 6035243 8452932
6191 6038158 8454810
5483 6043068 8446088
5496 6043237 8446154
4170 6044566 8448280
5884 6037873 8451651
5922 6037936 8451610
5891 6037882 8451463
5906 6036533 8451476
5357 6035109 8452698
5677 6035218 8452946
6215 6038123 8454842
4244 6038152 8454920
5482 6042949 8446000
5499 6043278 8445934
4169 6044592 8448315
5885 6037887 8451687
5768 6038052 8451671
5890 6037895 8451436
5905 6036529 8451474
5358 6035029 8452656
5361 6034890 8452776
5676 6035193 8452963
6214 6038084 8454883
4243 6038135 8454908
4241 6038306 8455002
5484 6042869 8445936
5498 6043376 8445895
4168 6044623 8448346
5887 6037907 8451725
5769 6038253 8451683
5883 6037895 8451422
5881 6037896 8451433
5360 6034997 8452638
5362 6034800 8452809
5678 6035169 8452981
6213 6038050 8454915
4242 6038133 8454907
4240 6038383 8455047
5486 6042786 8445871
5491 6043478 8445808
4167 6044653 8448378
5886 6037908 8451728
5892 6038527 8451710
5882 6037895 8451420
5359 6034994 8452637
5363 6034729 8452912
6284 6035147 8452996
6212 6038002 8455076
4239 6038516 8455114
5487 6042789 8445826
5485 6042737 8445834
5501 6043589 8445656
4166 6044690 8448417
5894 6038709 8451726
5364 6034618 8453067
6283 6035113 8453018
6211 6037952 8455205
4238 6038607 8455158
5512 6042707 8445770
5477 6042716 8445819
5500 6043665 8445551
4165 6044764 8448422
5893 6038778 8451633
5366 6034571 8453031
5367 6034559 8453246
5680 6035094 8453036
6210 6037920 8455299
4237 6038738 8455234
5511 6042496 8445644
5476 6042714 8445817
5503 6043722 8445478
4164 6044778 8448454
5896 6038831 8451562
5365 6034570 8453029
5368 6034557 8453269
5679 6035070 8453049
6209 6037894 8455422
4236 6038821 8455278
5514 6042372 8445552
5502 6043775 8445232
4163 6044823 8448433
5895 6038917 8451458
5369 6034487 8453338
5682 6035047 8453067
6208 6037879 8455489
4235 6038905 8455322
5513 6042139 8445495
5505 6043788 8445174
4162 6044850 8448433
5897 6038989 8451360
5370 6034393 8453392
5681 6035023 8453085
6207 6037878 8455492
4234 6038926 8455348
5515 6042090 8445481
5504 6043824 8444996
4161 6044881 8448440
5899 6039071 8451252
5371 6034335 8453435
5684 6034995 8453101
4233 6038966 8455369
5516 6042017 8445469
5507 6043868 8444773
4160 6044895 8448425
5898 6039183 8451132
5632 6034120 8453580
5683 6034981 8453118
4232 6038980 8455343
4231 6039015 8455389
5658 6041876 8445421
5506 6043875 8444627
5901 6039231 8451072
5642 6034167 8453609
5633 6033990 8453661
5672 6034964 8453141
4230 6038981 8455340
4220 6039078 8455477
5660 6041854 8445431
5510 6043760 8444478
5900 6039228 8451070
5641 6034170 8453610
5635 6033820 8453577
5673 6034943 8453168
4229 6039107 8455611
5659 6041851 8445431
5668 6043812 8444395
5509 6043709 8444395
5634 6033635 8453487
5685 6034930 8453185
4227 6039149 8455565
4228 6039171 8455717
5667 6043892 8444252
5508 6043711 8444396
5636 6033554 8453445
5686 6034914 8453202
4219 6039151 8455563
4225 6039327 8455895
4226 6039140 8455741
5670 6043931 8444183
6286 6033417 8453418
5687 6034904 8453228
4223 6039412 8455998
4224 6039060 8455806
5669 6044111 8443867
6285 6033423 8453394
5638 6033282 8453413
5688 6034898 8453261
4222 6039512 8456114
4218 6039058 8455808
5666 6044157 8443783
5637 6033129 8453361
5689 6034895 8453280
4221 6039601 8456212
5665 6044158 8443780
5640 6033114 8453418
5631 6033010 8453327
5690 6034890 8453296
4256 6039620 8456208
4245 6039657 8456291
5639 6032973 8453499
5321 6032861 8453288
5706 6034924 8453310
4255 6039623 8456207
4217 6039678 8456280
4246 6039758 8456517
5375 6032855 8453574
5320 6032751 8453260
5714 6034947 8453315
3993 6039697 8456269
4257 6039736 8456520
4247 6039797 8456582
5374 6032746 8453632
5323 6032623 8453105
5705 6034949 8453310
5709 6034945 8453330
5715 6034955 8453315
4259 6039535 8456547
4248 6039838 8456661
5643 6032613 8453718
5322 6032536 8452947
5710 6034939 8453366
5716 6034987 8453320
4258 6039532 8456547
4250 6039874 8456663
4251 6039896 8456763
5657 6032527 8453768
5318 6032515 8452830
5319 6032456 8452897
5711 6034934 8453397
5717 6035011 8453327
4249 6039877 8456663
4261 6040034 8456999
5656 6032421 8453838
5324 6032354 8452844
5713 6034923 8453432
5718 6035035 8453329
4260 6040071 8457050
5645 6032284 8453911
5326 6032277 8452798
5712 6034916 8453461
5719 6035059 8453334
4252 6040073 8457051
4253 6040098 8457075
5644 6032182 8453981
5328 6032255 8452829
5325 6032194 8452749
5708 6034908 8453497
5721 6035089 8453338
4264 6040173 8457212
5647 6032055 8454062
5327 6032223 8452896
4925 6032050 8452665
5707 6034900 8453510
5720 6035115 8453349
4262 6040231 8457313
4263 6040174 8457215
5646 6031933 8454140
5330 6032203 8452944
4926 6031958 8452615
6129 6034900 8453525
5698 6035104 8453374
5699 6035132 8453361
4254 6040285 8457347
4266 6040335 8457491
5648 6031842 8454201
5329 6032201 8452947
4928 6031795 8452525
6131 6034898 8453529
5697 6035093 8453399
5700 6035150 8453375
4267 6040368 8457392
4268 6040483 8457586
4265 6040336 8457493
5653 6031720 8454284
4929 6031790 8452545
4927 6031710 8452474
6128 6034909 8453526
6132 6034893 8453548
6130 6034892 8453528
5696 6035081 8453433
5701 6035182 8453399
4273 6040488 8457455
6114 6040496 8457572
4269 6040559 8457641
5652 6031623 8454389
5649 6031624 8454334
4930 6031752 8452683
4935 6031600 8452416
6133 6034889 8453568
5723 6034870 8453521
5695 6035074 8453456
5702 6035206 8453414
4272 6040491 8457456
6113 6040498 8457570
6116 6040636 8457692
5651 6031626 8454389
5629 6031550 8454394
4931 6031719 8452812
4934 6031483 8452360
6134 6034883 8453594
5722 6034850 8453521
5694 6035067 8453481
5704 6035229 8453437
6115 6040678 8457719
5650 6031629 8454388
5630 6031510 8454476
4933 6031711 8452832
4937 6031278 8452271
6140 6034878 8453618
5434 6034816 8453519
5693 6035060 8453508
5703 6035249 8453456
6125 6040686 8457692
4271 6040809 8457809
5655 6031324 8454646
4932 6031710 8452835
4789 6031312 8452215
4936 6031178 8452227
6139 6034866 8453645
5730 6034803 8453515
5692 6035052 8453532
5077 6035274 8453478
6127 6040861 8457605
6124 6040687 8457689
6121 6040850 8457862
5654 6031290 8454686
4788 6031338 8452224
4791 6031353 8452131
5055 6030994 8452147
6138 6034860 8453672
5731 6034775 8453507
5691 6035048 8453557
5076 6035305 8453498
6126 6040877 8457634
6120 6040960 8458007
4159 6031144 8454856
4782 6031341 8452225
4790 6031403 8451932
5057 6030892 8452101
6137 6034861 8453705
5733 6034753 8453501
5079 6035288 8453516
5075 6035320 8453511
4270 6040878 8457636
6123 6041150 8458133
4112 6031186 8454860
4158 6031127 8454879
4792 6031427 8451852
5056 6030800 8452060
6136 6034862 8453735
5735 6034759 8453473
5732 6034746 8453513
5078 6035277 8453534
3992 6035333 8453522
6122 6041254 8458396
4111 6031236 8454850
5382 6031114 8454894
4794 6031467 8451700
5059 6030719 8452028
6135 6034855 8453772
5734 6034768 8453449
5724 6034734 8453543
5073 6035254 8453558
6119 6041263 8458431
4110 6031283 8454841
5381 6031086 8454927
4793 6031493 8451605
5058 6030597 8451969
5772 6034842 8453793
5433 6034774 8453426
5725 6034727 8453578
5074 6035237 8453587
6117 6041263 8458434
6118 6041309 8458481
4109 6031330 8454834
4157 6031057 8454963
6294 6031531 8451459
5060 6030375 8451861
5774 6034834 8453822
5726 6034717 8453598
6064 6035215 8453617
5234 6041379 8458545
4108 6031380 8454831
5377 6031030 8454996
6293 6031493 8451449
4795 6031597 8451214
5097 6030208 8451801
5773 6034829 8453844
5727 6034708 8453623
6063 6035195 8453644
5233 6041434 8458600
4106 6031363 8454866
4107 6031429 8454840
5376 6031006 8455028
6292 6031427 8451433
4783 6031618 8451133
5099 6030169 8451819
5062 6029973 8451698
5777 6034825 8453859
5729 6034695 8453629
3952 6041414 8458639
5253 6041452 8458617
4097 6031346 8454899
4104 6031470 8454804
4105 6031471 8454871
4156 6030973 8455072
6291 6031388 8451424
4796 6031649 8451034
5061 6029889 8451663
5776 6034822 8453861
5728 6034667 8453610
3951 6041395 8458686
5252 6041499 8458666
4096 6031330 8454931
4103 6031505 8454768
4101 6031511 8454902
5384 6030962 8455087
4798 6031674 8450923
5064 6029785 8451560
5783 6034828 8453864
5771 6034815 8453857
5775 6034811 8453881
3950 6041373 8458742
5251 6041501 8458668
4095 6031311 8454969
4102 6031535 8454741
4100 6031527 8454927
5383 6030879 8455173
4797 6031711 8450792
5063 6029518 8451300
5782 6034850 8453880
5803 6034793 8453903
3949 6041361 8458762
4094 6031274 8455036
4099 6031543 8454962
5386 6030889 8455215
5378 6030852 8455206
4800 6031661 8450768
4785 6031747 8450619
5065 6029491 8451276
5778 6034882 8453902
5802 6034777 8453920
3948 6041334 8458799
4093 6031237 8455103
4098 6031557 8454995
5385 6030890 8455217
4086 6030840 8455170
5380 6030829 8455233
4799 6031540 8450702
4804 6031787 8450498
5067 6029435 8451221
5779 6034895 8453915
5801 6034768 8453935
3947 6041300 8458846
4092 6031215 8455150
4085 6030824 8455142
5379 6030815 8455244
4802 6031399 8450622
4803 6031825 8450345
5066 6029324 8451110
5780 6034918 8453932
5800 6034733 8453935
3946 6041296 8458904
4091 6031202 8455176
4084 6030798 8455100
5388 6030797 8455258
4801 6031345 8450590
4806 6031846 8450273
5068 6029288 8451076
5781 6034942 8453944
5797 6034713 8453930
3945 6041263 8458959
4090 6031234 8455214
4083 6030775 8455085
5228 6030647 8455278
5387 6030809 8455283
4784 6031342 8450589
4805 6031874 8450161
5070 6029192 8450987
5799 6034966 8453960
5796 6034682 8453930
3944 6041252 8459048
4089 6031269 8455255
4082 6030751 8455071
5230 6030598 8455285
4151 6030821 8455301
4808 6031899 8450059
5069 6029114 8450910
5798 6034982 8453971
5791 6034657 8453942
5792 6034680 8453960
3943 6041228 8459096
4088 6031257 8455267
5229 6030566 8455285
5389 6030870 8455497
4807 6031922 8449970
4917 6029091 8450888
5789 6034999 8453947
5790 6034575 8453943
5793 6034684 8453988
3942 6041221 8459110
4087 6031247 8455278
5205 6030360 8455300
5391 6030893 8455598
6298 6031954 8449857
4919 6028828 8450635
5788 6035020 8453927
5786 6034461 8453919
5794 6034690 8454018
3941 6041199 8459166
5204 6030323 8455303
5390 6030910 8455667
6297 6031917 8449857
4810 6031996 8449696
4918 6028737 8450550
5787 6035038 8453898
5785 6034393 8453902
5795 6034692 8454054
3940 6041143 8459248
4155 6030263 8455306
5392 6030855 8455744
6296 6031849 8449856
4809 6032048 8449497
4915 6028643 8450456
5784 6034390 8453901
6151 6034694 8454157
3938 6041173 8459295
3939 6041107 8459270
4154 6030230 8455307
5289 6030750 8455955
5395 6030881 8455768
6295 6031808 8449855
4812 6032082 8449363
4916 6028531 8450344
6280 6034693 8454202
3937 6041046 8459317
4080 6030263 8455329
4081 6030217 8455275
4153 6030096 8455312
5288 6030530 8456149
5394 6030951 8455861
4811 6032155 8449108
4920 6028378 8450201
6279 6034692 8454236
3936 6040997 8459387
4075 6030291 8455344
4079 6030214 8455222
4152 6030071 8455314
5291 6030442 8456251
4053 6030923 8455875
4131 6030985 8455900
4814 6032169 8449062
4922 6028408 8450187
4924 6028256 8450087
6152 6034691 8454314
3935 6040944 8459447
4074 6030314 8455358
4078 6030211 8455168
4062 6030034 8455316
5290 6030395 8456314
4052 6030897 8455891
4132 6031021 8455940
4813 6032211 8448975
4921 6028584 8450115
4959 6028080 8449959
6154 6034689 8454399
3934 6040896 8459517
4073 6030348 8455416
4077 6030211 8455126
4061 6029987 8455320
5293 6030302 8456443
5393 6031051 8455974
4816 6032320 8448756
4923 6028722 8450061
4940 6028056 8449965
4958 6027962 8449867
6153 6034674 8454566
3933 6040881 8459602
4072 6030391 8455487
4076 6030212 8455094
4060 6029937 8455330
5292 6030192 8456562
5396 6031143 8456072
4815 6032376 8448637
4939 6028752 8450046
4955 6028055 8450007
4942 6027886 8450023
4961 6027920 8449834
6142 6034650 8454562
6156 6034652 8454807
3932 6040890 8459678
4071 6030411 8455518
4059 6029886 8455340
5287 6030166 8456630
5397 6031281 8456119
4818 6032429 8448536
4938 6028755 8450046
4954 6028055 8450009
4941 6027824 8450046
4960 6027837 8449765
6141 6034646 8454561
6155 6034636 8454904
3969 6040904 8459774
4066 6030439 8455570
4070 6030321 8455501
4058 6029840 8455347
5295 6030132 8456728
5398 6031344 8456129
4817 6032470 8448451
4944 6027547 8450132
4963 6027563 8449579
6143 6034613 8455061
3931 6040825 8459823
5092 6040886 8459771
4063 6030461 8455611
4069 6030261 8455487
4057 6029788 8455358
5294 6030159 8456760
5404 6030062 8456943
5399 6031463 8456074
4820 6032576 8448241
4943 6027426 8450176
4962 6027443 8449490
6157 6034601 8455140
3930 6040805 8459857
5091 6040888 8459762
4065 6030493 8455643
4068 6030259 8455536
4056 6029750 8455363
4130 6030188 8456778
5432 6030038 8457016
5400 6031549 8456027
4819 6032637 8448116
4946 6027298 8450220
4964 6027275 8449371
6159 6034581 8455275
3928 6040726 8459944
3970 6040828 8459899
4064 6030520 8455674
4067 6030258 8455592
4055 6029730 8455381
4129 6030221 8456799
5431 6029991 8457135
5401 6031663 8455971
4821 6032718 8447953
4945 6027160 8450263
4966 6027245 8449349
6158 6034556 8455429
3927 6040699 8459988
5094 6040884 8459957
3929 6040840 8459949
4054 6029707 8455399
4128 6030251 8456818
4662 6029941 8457211
5403 6031693 8455934
5428 6031836 8456114
4824 6032706 8447820
4948 6027082 8450287
4965 6027223 8449293
6145 6034531 8455425
6146 6034533 8455574
3926 6040708 8460099
5093 6040881 8459956
4127 6030288 8456842
4126 6029948 8457233
4150 6029921 8457250
5402 6031687 8455934
5430 6031867 8456140
4822 6032699 8447691
4823 6032706 8447817
4947 6027010 8450309
4968 6027137 8449348
4956 6027180 8449184
6144 6034526 8455425
6160 6034515 8455704
3925 6040684 8460176
4125 6029953 8457251
5269 6029823 8457435
5429 6031863 8456140
4787 6032684 8447495
4826 6032925 8447710
4950 6026644 8450428
4967 6027135 8449349
4957 6027155 8449124
6162 6034481 8455827
3924 6040671 8460213
4124 6029956 8457264
5406 6029723 8457521
4831 6032683 8447449
4825 6033006 8447736
4949 6026582 8450449
4969 6027072 8448908
6161 6034427 8455982
3923 6040649 8460260
5405 6029704 8457532
4833 6032676 8447272
4828 6033121 8447731
4951 6026502 8450475
4973 6027032 8448801
6147 6034359 8456178
3922 6040630 8460308
5408 6029641 8457565
4832 6032678 8447130
4827 6033218 8447740
4953 6026439 8450494
4972 6026976 8448657
6148 6034244 8456346
3921 6040616 8460356
5407 6029597 8457602
4834 6032676 8447031
4786 6033416 8447758
4952 6026436 8450495
4975 6026983 8448498
6149 6034170 8456457
3920 6040586 8460441
5271 6029559 8457632
5025 6032676 8446886
4830 6033616 8447776
4974 6026980 8448399
6164 6034055 8456587
3919 6040571 8460478
5270 6029520 8457663
5031 6032672 8446760
4829 6033796 8447794
4977 6026988 8448213
6163 6034018 8456727
3918 6040561 8460505
5272 6029428 8457736
5033 6032678 8446655
4656 6033823 8447795
4976 6026985 8448136
6165 6033953 8456870
3917 6040540 8460550
5410 6029350 8457800
5032 6032666 8446461
4374 6033861 8447717
4655 6033821 8447865
4970 6026987 8448042
6168 6033911 8456965
3916 6040593 8460624
5409 6029285 8457852
5035 6032668 8446316
4373 6033844 8447716
4376 6033923 8447560
4654 6033820 8447965
4979 6026993 8447901
6167 6033888 8456969
6166 6033846 8457139
3915 6040609 8460705
5273 6029205 8457916
5034 6032658 8446121
4368 6033841 8447716
4375 6034025 8447337
4653 6033817 8448072
4978 6026992 8447801
6150 6033883 8456967
6169 6033724 8457335
3968 6040650 8460786
4051 6029194 8457906
5282 6029183 8457931
5026 6032630 8445872
4370 6034070 8447221
4652 6033812 8448202
4981 6027000 8447554
6170 6033708 8457368
3914 6040666 8460882
5081 6040649 8460830
4050 6029184 8457898
5412 6029097 8457993
5027 6032644 8445772
4369 6034117 8447128
4651 6033807 8448422
4980 6027004 8447473
6172 6033674 8457531
3912 6040685 8460985
3913 6040698 8460859
5080 6040646 8460840
5411 6028984 8458059
5037 6032660 8445665
4378 6034172 8446990
4650 6033804 8448516
4983 6027008 8447347
6171 6033635 8457738
3911 6040684 8461054
5414 6028856 8458127
5036 6032616 8445343
4377 6034220 8446887
4649 6033799 8448624
4982 6027015 8447176
6176 6033623 8457797
3967 6040743 8461189
5413 6028819 8458144
5039 6032585 8445252
4379 6034285 8446729
4648 6033797 8448871
4985 6027021 8446997
6175 6033600 8457915
3910 6040757 8461231
5096 6040763 8461173
4149 6028779 8458164
5038 6032552 8445148
4382 6034328 8446695
4647 6033796 8448933
4984 6027025 8446859
5570 6033573 8457930
6174 6033580 8458016
3909 6040794 8461272
5095 6040757 8461164
4148 6028744 8458181
5041 6032499 8445006
4381 6034335 8446676
4380 6034444 8446603
4646 6033812 8448978
4987 6027028 8446773
5572 6033450 8457985
6173 6033553 8458154
3908 6040824 8461314
5281 6028701 8458203
5040 6032470 8444911
4367 6034336 8446673
3985 6034519 8446542
4645 6033914 8449234
4986 6027037 8446589
5571 6033353 8458033
6177 6033529 8458278
3907 6040864 8461337
5416 6028699 8458238
5303 6028653 8458221
4685 6032376 8444628
4384 6034676 8446416
4615 6033904 8449237
4616 6033964 8449238
4617 6033933 8449385
4971 6027043 8446449
5574 6033234 8458083
6179 6033509 8458381
3906 6040874 8461377
5415 6028693 8458369
5302 6028602 8458241
4686 6032358 8444576
4383 6034733 8446478
4399 6034878 8446375
4614 6033901 8449238
4607 6034089 8449240
4638 6033945 8449547
4989 6027045 8446363
5573 6033131 8458130
6178 6033483 8458516
3905 6040872 8461411
5418 6028686 8458507
4147 6028557 8458261
4688 6032394 8444576
4692 6032290 8444493
4372 6034762 8446492
4402 6035005 8446351
4608 6034195 8449252
4640 6033960 8449696
4988 6027047 8446135
5576 6033021 8458180
5949 6033463 8458621
3904 6040868 8461491
5417 6028688 8458553
4146 6028507 8458283
4687 6032397 8444576
4693 6032155 8444362
4371 6034764 8446493
4401 6035051 8446437
4400 6035146 8446314
4618 6034324 8449252
4639 6033951 8449813
4991 6027054 8446019
5575 6032918 8458228
6181 6033549 8458611
5948 6033445 8458724
3903 6040857 8461528
5420 6028628 8458712
4145 6028455 8458304
4706 6032073 8444258
4386 6035062 8446450
4274 6035309 8446278
4620 6034339 8449274
4621 6034461 8449250
4642 6033917 8449913
4990 6027059 8445873
5569 6032843 8458262
6180 6033550 8458613
6183 6033653 8458843
3902 6040862 8461642
5419 6028640 8458869
4144 6028314 8458375
4708 6031975 8444123
4385 6035064 8446452
4387 6035320 8446324
4275 6035390 8446261
4619 6034341 8449276
4623 6034591 8449229
4641 6033919 8450005
4993 6027069 8445670
5588 6032692 8458331
6182 6033803 8458927
3901 6040857 8461696
5422 6028648 8458956
5297 6028178 8458442
4707 6031940 8443934
4389 6035380 8446364
4276 6035459 8446244
4622 6034818 8449207
4644 6033915 8450061
4613 6033878 8450061
4992 6027076 8445432
5587 6032671 8458436
5947 6033901 8458979
3900 6040826 8461781
5421 6028653 8459062
5296 6028134 8458463
4690 6031924 8443948
4703 6031834 8443789
4388 6035382 8446366
4391 6035513 8446253
4362 6035548 8446238
4610 6034817 8449199
4624 6034986 8449189
4643 6033915 8450063
4517 6033693 8450272
4994 6027077 8445361
5586 6032652 8458522
6184 6034030 8459049
3899 6040851 8461852
5423 6028632 8459136
4142 6028083 8458486
4689 6031922 8443950
4705 6031826 8443709
4390 6035515 8446253
4363 6035594 8446242
4277 6035622 8446132
4609 6034817 8449197
4626 6034983 8449170
4628 6035124 8449165
4509 6033576 8450375
4995 6027032 8445360
5022 6027078 8445255
5585 6032618 8458647
6186 6034098 8459088
3898 6040899 8461936
5425 6028673 8459257
4143 6028032 8458510
4704 6031799 8443371
4366 6035758 8446312
4393 6035662 8446084
4625 6034982 8449168
4629 6035155 8449166
4627 6035103 8449374
4510 6033554 8450406
5024 6026915 8445352
5021 6027085 8445135
5577 6032595 8458749
6185 6034182 8459119
3897 6040920 8462017
5424 6028686 8459298
5305 6027988 8458531
4694 6031777 8443271
4365 6035889 8446371
4392 6035711 8446022
4631 6035531 8449264
4611 6035103 8449377
4511 6033461 8450435
5023 6026812 8445309
4860 6027175 8445067
5579 6032569 8458877
6188 6034348 8459225
3896 6040929 8462084
4136 6028701 8459341
5304 6027942 8458551
4696 6031782 8443136
4364 6035914 8446436
4394 6035700 8445876
4661 6035515 8449227
4637 6035781 8449334
4514 6033413 8450456
4997 6026689 8445263
4844 6026997 8444989
4846 6027323 8444954
5578 6032540 8458987
6187 6034497 8459306
3895 6040941 8462187
4137 6028713 8459386
4140 6027895 8458571
4695 6031789 8443047
4353 6035929 8446552
6321 6035683 8445808
4659 6035471 8449095
4660 6035508 8449233
4467 6035817 8449359
4636 6035817 8449323
4513 6033338 8450477
4996 6026557 8445215
4862 6026935 8444961
4845 6027458 8444854
5581 6032512 8459102
5946 6034544 8459334
3894 6040921 8462291
5280 6028742 8459477
4141 6027850 8458591
4691 6031782 8442819
4354 6035874 8446668
6320 6035702 8445799
4395 6035654 8445561
4658 6035440 8449001
4630 6035506 8449235
4469 6035890 8449413
4635 6035820 8449322
4512 6033335 8450477
4999 6026468 8445180
4861 6026932 8444960
4843 6027574 8444767
5580 6032486 8459222
5945 6034648 8459387
3893 6040913 8462384
5427 6028740 8459585
5298 6027809 8458608
4835 6031780 8442698
4356 6035817 8446729
4187 6035871 8445839
6312 6035632 8445415
4657 6035396 8448839
4468 6036099 8449366
4998 6026345 8445138
4842 6027691 8444678
5582 6032449 8459369
5944 6034699 8459413
3892 6040897 8462433
5426 6028755 8459629
5300 6027776 8458653
4837 6031768 8442527
4355 6035936 8446991
4361 6035761 8446791
4186 6035967 8445860
6310 6035659 8445406
6311 6035627 8445372
4632 6035431 8448773
4452 6036088 8449415
4454 6036106 8449316
4455 6036185 8449344
5001 6026170 8445076
4848 6027669 8444652
4850 6027779 8444612
5583 6032405 8459558
6190 6034719 8459467
5943 6034778 8459453
3966 6040888 8462501
5279 6028813 8459854
5299 6027750 8458693
4836 6031723 8442388
4358 6035960 8447019
4360 6035715 8446818
4185 6036039 8445862
6299 6035783 8445363
4278 6035606 8445191
4634 6035425 8448634
4451 6036087 8449418
4453 6036106 8449313
4459 6036317 8449304
5000 6026044 8445028
4847 6027578 8444530
4849 6027908 8444588
5584 6032492 8459748
6189 6034756 8459542
5952 6035010 8459560
3965 6040940 8462626
5278 6028821 8459888
4139 6027719 8458739
4678 6031689 8442275
4357 6036012 8447056
4359 6035709 8446818
4184 6036054 8445862
6300 6036034 8445265
4396 6035673 8445203
4426 6035541 8445053
4633 6035435 8448525
4458 6036305 8449360
4470 6036344 8449261
5003 6025902 8444971
4855 6027512 8444439
4852 6028067 8444564
5589 6032549 8459871
5942 6034750 8459552
5951 6035103 8459627
3890 6040988 8462643
3891 6040976 8462699
5286 6028823 8459913
5307 6027692 8458782
4839 6031494 8442129
4183 6036084 8445864
6301 6036144 8445239
4398 6035754 8445218
4427 6035496 8444968
4612 6035443 8448463
4457 6036272 8449417
4471 6036379 8449147
5002 6025780 8444920
4857 6027403 8444296
4851 6028089 8444561
5596 6032462 8459975
6084 6035239 8459718
3889 6041142 8462602
3887 6040993 8462755
5285 6028806 8459975
5306 6027576 8458925
4838 6031290 8441989
6302 6036233 8445186
4397 6035756 8445219
4429 6035396 8444768
4456 6036271 8449420
4472 6036398 8449070
5005 6025678 8444886
4856 6027325 8444189
4854 6028157 8444536
5597 6032382 8460069
5595 6032500 8460005
5953 6035280 8459683
6086 6035333 8459795
3888 6041170 8462594
3886 6041006 8462867
4134 6028783 8460022
5309 6027498 8459024
4680 6031144 8441862
6303 6036314 8445070
4428 6035311 8444590
4474 6036430 8449000
5004 6025572 8444848
4859 6027264 8444102
4853 6028229 8444498
5618 6032304 8460176
5599 6032689 8460165
5955 6035394 8459589
6085 6035510 8459948
3885 6041018 8462919
4133 6028763 8460069
5308 6027456 8459080
4679 6031054 8441835
6304 6036366 8444992
4425 6035248 8444472
4473 6036443 8448809
5007 6025434 8444804
4858 6027262 8444100
4841 6028232 8444497
5617 6032257 8460231
5598 6032817 8460263
5954 6035460 8459532
6088 6035588 8460014
3884 6041030 8462973
3989 6028762 8460121
5312 6027384 8459183
4682 6030930 8441791
6305 6036597 8444804
4431 6035226 8444423
4460 6036457 8448615
5006 6025303 8444763
5619 6032195 8460310
5601 6032978 8460384
5957 6035526 8459475
6087 6035579 8460023
6090 6035700 8460115
3883 6041032 8463028
3990 6028753 8460158
5310 6027416 8459217
5311 6027360 8459219
4681 6030734 8441707
6306 6036659 8444756
4430 6035204 8444299
4461 6036467 8448574
5009 6025172 8444720
5620 6032145 8460373
5600 6033078 8460457
5956 6035571 8459440
5999 6035573 8460025
6089 6035782 8460181
3882 6041041 8463072
3991 6028713 8460212
5301 6027515 8459338
4138 6027331 8459266
4684 6030516 8441616
6307 6036816 8444648
4432 6035176 8444175
4476 6036398 8448472
5008 6025038 8444674
5621 6032092 8460452
5603 6033134 8460537
5959 6035662 8459358
6092 6035841 8460231
3881 6041044 8463106
5277 6028682 8460268
5314 6027576 8459424
5315 6027303 8459311
4683 6030413 8441539
6309 6036848 8444627
6315 6035156 8444049
4475 6036438 8448351
5011 6024934 8444644
5622 6032007 8460595
5602 6033204 8460635
5958 6035702 8459363
6091 6035970 8460341
3880 6041052 8463143
5276 6028698 8460299
5313 6027586 8459441
5317 6027263 8459377
4698 6030242 8441422
6308 6036867 8444614
6316 6035136 8443968
4477 6036584 8448193
5010 6024857 8444597
5624 6031930 8460723
5604 6033263 8460718
5950 6035702 8459356
6095 6036077 8460440
3878 6041080 8463197
3879 6041099 8463135
5275 6028740 8460335
5316 6027203 8459482
4697 6030140 8441415
6319 6035126 8443927
4480 6036654 8448109
5013 6024767 8444544
5623 6031884 8460707
4881 6031870 8460824
5606 6033240 8460925
6093 6036159 8460413
6094 6036124 8460599
3964 6041039 8463216
3866 6041105 8463252
3877 6041277 8463156
5274 6028768 8460392
4123 6027169 8459513
4700 6029796 8441435
6314 6035156 8443908
6318 6035092 8443907
4478 6036721 8448030
4479 6036624 8448077
5012 6024701 8444356
5015 6024688 8444498
4744 6031755 8460663
4880 6031818 8460906
5605 6033224 8461060
6097 6036216 8460396
6099 6036161 8460583
6000 6036151 8460707
3873 6040996 8463243
5083 6041094 8463252
3865 6041117 8463289
3876 6041345 8463185
5284 6028825 8460516
4122 6027139 8459541
4699 6029664 8441444
6313 6035197 8443884
6317 6035087 8443807
4482 6036797 8447987
4462 6036622 8448075
4869 6024704 8444121
5014 6024654 8444483
4899 6031494 8460569
4882 6031767 8460993
5591 6033243 8461226
6096 6036219 8460395
6098 6036161 8460581
6101 6036175 8460815
3872 6040939 8463263
5082 6041086 8463255
3864 6041113 8463321
3875 6041406 8463209
5283 6028833 8460534
4049 6027151 8459551
4121 6027085 8459591
4702 6029557 8441384
4434 6035056 8443671
4481 6036833 8447972
4868 6024638 8443896
5017 6024623 8444466
4898 6031333 8460509
4884 6031735 8460991
4901 6031685 8461132
5590 6033211 8461339
6100 6036228 8460854
3871 6040922 8463258
3863 6041119 8463359
3874 6041459 8463244
4135 6028841 8460551
4048 6027160 8459560
3998 6027018 8459652
4701 6029413 8441302
4433 6035008 8443493
4483 6036953 8447789
4863 6024606 8443808
5016 6024583 8444483
4745 6031211 8460476
4883 6031675 8460976
4900 6031584 8461299
5608 6033161 8461454
6103 6036382 8460978
3870 6040880 8463252
3862 6041101 8463442
3997 6026958 8459707
5028 6029253 8441220
4299 6034991 8443468
4300 6034971 8443357
4485 6036938 8447760
4486 6037000 8447722
4864 6024569 8443656
5018 6024569 8444532
4747 6031185 8460466
4743 6031204 8460427
4742 6031672 8460975
4885 6031535 8461369
5607 6033085 8461644
6102 6036368 8460998
6105 6036469 8461049
3869 6040843 8463261
3861 6041095 8463495
4047 6026862 8459795
5052 6029153 8441195
4298 6034989 8443466
4301 6034940 8443247
4484 6036937 8447758
4516 6037162 8447704
4865 6024532 8443490
5020 6024559 8444567
4746 6031182 8460465
4749 6031169 8460244
4903 6031491 8461450
5592 6033127 8461722
6066 6036363 8460998
6104 6036595 8461016
3868 6040807 8463253
3860 6041097 8463539
4120 6026821 8459833
5051 6028983 8441153
4437 6034911 8443137
4515 6037258 8447696
4866 6024545 8443393
5019 6024550 8444601
4748 6031145 8460122
4902 6031422 8461559
5610 6033216 8461908
5966 6036657 8461045
3867 6040774 8463251
3859 6041095 8463563
4119 6026719 8459926
5029 6028964 8441234
5050 6028868 8441130
4435 6034771 8443105
4436 6034928 8443037
4487 6037334 8447685
4867 6024572 8443241
4840 6024549 8444603
4751 6031112 8460037
4904 6031384 8461623
5609 6033249 8461997
5961 6036641 8461054
5965 6036845 8461127
3858 6041092 8463617
4046 6026684 8459958
5054 6028901 8441326
5030 6028813 8441116
4439 6034721 8443094
4302 6034962 8442839
4463 6037471 8447616
4870 6024584 8443160
4750 6031082 8459957
4906 6031348 8461768
5626 6033273 8462044
5960 6036637 8461056
5964 6036992 8461209
3963 6041091 8463672
4044 6026643 8459995
5053 6028712 8441594
4438 6034718 8443093
4441 6034908 8442828
4448 6035012 8442699
4489 6037435 8447580
4491 6037551 8447576
4872 6024540 8442972
4753 6031033 8459859
4905 6031349 8461740
4908 6031324 8461861
5625 6033264 8462137
5968 6037108 8461334
5235 6041170 8463893
4043 6026603 8460032
5047 6028681 8441640
4440 6034712 8442780
4447 6034986 8442691
4450 6035073 8442473
4488 6037433 8447578
4490 6037574 8447562
4871 6024510 8442856
4752 6030992 8459755
4886 6031349 8461737
4907 6031302 8461965
5611 6033215 8462258
5967 6037210 8461409
5237 6041188 8463971
4118 6026580 8460053
5046 6028729 8441714
5049 6028643 8441641
4443 6034578 8442763
4303 6034983 8442690
4449 6035114 8442396
4464 6037652 8447630
4876 6024487 8442754
4755 6030955 8459641
4888 6031235 8461937
4887 6031256 8462150
5628 6033142 8462371
5970 6037303 8461501
5236 6041196 8464175
4117 6026557 8460063
5045 6028808 8441828
5048 6028640 8441641
4442 6034414 8442729
4304 6035141 8442327
4492 6037736 8447607
4875 6024450 8442607
4754 6030954 8459638
4910 6031012 8461908
4895 6031236 8462224
5627 6033098 8462625
5969 6037384 8461596
5239 6041164 8464231
4116 6026506 8460062
5042 6028893 8441949
4444 6034192 8442689
4305 6035120 8442277
4494 6037772 8447596
4878 6024410 8442443
4909 6030798 8461888
4894 6031212 8462354
5612 6033079 8462794
5972 6037446 8461659
5238 6041208 8464216
5241 6041173 8464320
4115 6026458 8460061
5044 6028905 8441976
4446 6034139 8442679
4306 6035076 8442157
4493 6037810 8447488
4877 6024349 8442184
4889 6030677 8461877
4759 6031195 8462411
5614 6033077 8462933
5971 6037517 8461732
5231 6041211 8464215
5240 6041115 8464491
4114 6026439 8460080
5043 6028906 8441978
4445 6034137 8442678
4533 6034997 8442027
4496 6037848 8447423
4874 6024322 8442129
4912 6030602 8461875
4756 6031135 8462627
5613 6033262 8463094
5974 6037570 8461801
5243 6041147 8464605
4045 6026316 8460204
4113 6026440 8460027
4308 6035059 8442015
4534 6034957 8441964
4495 6037888 8447360
4873 6024242 8441946
4911 6030435 8461797
4761 6031173 8462584
4763 6031117 8462661
5616 6033392 8463206
5973 6037621 8461777
5995 6037596 8461938
5242 6041185 8464712
4011 6026245 8460274
4042 6026442 8459992
4412 6035135 8442008
4307 6035061 8442014
4538 6034850 8441865
4498 6037893 8447298
4296 6024164 8441764
4891 6030249 8461721
4760 6031174 8462583
4762 6031072 8462903
5615 6033446 8463289
5976 6037673 8461759
5994 6037623 8462041
5245 6041230 8464697
5247 6041217 8464797
3996 6026168 8460349
4041 6026444 8459949
4416 6035260 8441985
4536 6034746 8441755
4537 6034846 8441866
4497 6037991 8447221
4281 6024071 8441564
4897 6030235 8461736
4914 6030215 8461686
4764 6031042 8463014
5594 6033512 8463423
5975 6037698 8461732
5997 6037642 8462140
5244 6041233 8464696
5246 6041228 8464895
4010 6026109 8460407
4040 6026449 8459886
4415 6035426 8441946
4539 6034633 8441639
4499 6038092 8447152
4525 6024020 8441447
4896 6030024 8461854
4913 6030213 8461685
4765 6031021 8463099
4297 6033519 8463421
5593 6033544 8463477
5962 6037694 8461727
5978 6037734 8461700
5996 6037665 8462253
5232 6041289 8465155
4009 6026034 8460482
4039 6026453 8459841
4413 6035580 8441950
4541 6034608 8441609
4501 6038154 8447059
4524 6024044 8441322
4741 6030021 8461856
4879 6030078 8461534
4766 6030990 8463202
5977 6037824 8461600
5998 6037689 8462364
5248 6041371 8465281
4008 6025939 8460575
4038 6026424 8459715
4418 6035569 8441976
4414 6035746 8441954
4540 6034551 8441550
4500 6038292 8447136
4405 6024068 8441230
4890 6029944 8461384
4768 6031033 8463201
4772 6030971 8463289
5980 6037887 8461533
6107 6037721 8462473
5250 6041382 8465395
4007 6025880 8460649
4037 6026360 8459664
4417 6035568 8441978
4420 6035838 8441948
4535 6034501 8441441
4466 6038317 8447151
4403 6024112 8441009
4893 6029898 8461305
4767 6031112 8463192
4771 6030935 8463429
5979 6038002 8461402
6106 6037740 8462582
5249 6041445 8465566
4006 6025811 8460755
4036 6026308 8459624
4419 6035976 8441852
4542 6034479 8441394
4503 6038376 8447155
4465 6038319 8447153
4521 6024172 8440756
4892 6029901 8461246
4770 6031159 8463181
4774 6030920 8463508
5982 6038089 8461293
6110 6037758 8462678
4005 6025768 8460851
4035 6026220 8459582
4422 6035977 8441735
4665 6034533 8441245
4502 6038507 8447121
4520 6024181 8440670
4740 6029902 8461236
4769 6031162 8463180
4776 6030879 8463487
4773 6030927 8463639
5981 6038215 8461237
6108 6037727 8462732
6109 6037754 8462680
4004 6025722 8460942
4034 6026094 8459565
4421 6036045 8441748
4282 6036045 8441631
4664 6034536 8441180
4505 6038739 8447044
4519 6024199 8440530
4775 6030767 8463418
4777 6030942 8463896
5984 6038373 8461175
6067 6037736 8462795
4003 6025638 8461028
4033 6025852 8459501
4424 6036084 8441763
4283 6036081 8441574
4666 6034533 8441061
4504 6038792 8447022
4410 6024211 8440396
4758 6030746 8463408
4779 6031007 8463865
4586 6030931 8464077
5983 6038441 8461089
6112 6037779 8462863
4002 6025501 8461079
4032 6025752 8459490
4423 6036093 8441766
6288 6036055 8441437
4668 6034491 8440902
3962 6038819 8447050
4506 6039002 8446945
4409 6024230 8440232
4757 6030744 8463408
4778 6031139 8463800
4591 6030974 8464251
5963 6038356 8460920
5986 6038515 8461132
6111 6037787 8462975
4001 6025347 8461125
4021 6025635 8459564
4031 6025766 8459450
6287 6036040 8441357
4667 6034384 8440726
3961 6038829 8447076
4508 6039054 8446956
4408 6024258 8439986
4781 6031168 8463783
4593 6030974 8464331
5990 6038440 8460693
5985 6038574 8461160
6068 6037778 8463118
4000 6025283 8461145
4020 6025531 8459630
6290 6025800 8459362
4312 6035941 8441177
4551 6034321 8440628
3957 6039019 8447347
4507 6039057 8446957
4411 6024268 8439845
4780 6031170 8463781
4588 6030965 8464419
4592 6030997 8464327
5989 6038491 8460575
5988 6038620 8461158
6070 6037771 8463254
3999 6025247 8461158
4019 6025486 8459633
4030 6025811 8459195
6289 6025820 8459342
4311 6035905 8441099
4550 6034267 8440523
3956 6039104 8447415
4518 6024303 8439520
4587 6030965 8464422
4290 6031199 8464343
5991 6038503 8460500
5987 6038627 8461157
6069 6037778 8463389
4018 6025446 8459654
4029 6025787 8459099
4337 6035904 8441097
4544 6034186 8440381
3955 6039435 8447554
4523 6024306 8439435
4291 6031299 8464346
5993 6038526 8460468
6072 6037794 8463510
4017 6025362 8459573
4028 6025859 8458987
4336 6035861 8440998
4543 6034188 8440383
4553 6034109 8440264
3954 6039515 8447585
4522 6024319 8439326
4293 6031484 8464358
5992 6038527 8460462
6071 6037801 8463648
4016 6025288 8459580
4027 6025944 8458939
4335 6035848 8440868
4552 6034032 8440132
3953 6039820 8447694
4406 6024339 8439054
4292 6031556 8464360
6074 6037774 8463679
5924 6037758 8463674
4015 6025244 8459583
4026 6026104 8458851
4350 6035812 8440722
4555 6033974 8440104
3960 6039871 8447722
4404 6024352 8438860
4294 6031648 8464367
6073 6037777 8463684
6076 6037689 8463713
4014 6025129 8459589
4025 6026222 8458706
4349 6035814 8440566
4554 6033822 8440026
3959 6040042 8447857
4407 6024328 8438858
4295 6031744 8464418
6075 6037536 8463739
4013 6025082 8459608
4024 6026290 8458622
4319 6035814 8440550
4557 6033617 8439915
3958 6040236 8447889
4526 6024109 8438849
4596 6031861 8464481
6078 6037322 8463896
4012 6025043 8459626
4023 6026300 8458575
4321 6035826 8440350
4556 6033587 8439885
3981 6040271 8447897
4528 6023960 8438839
4595 6031922 8464553
6077 6037153 8463995
4022 6026311 8458525
4289 6035734 8440336
4320 6035842 8440277
4559 6033568 8439826
3980 6040330 8447903
4527 6023867 8438838
4594 6032005 8464652
6080 6036963 8464099
4288 6035569 8440304
4322 6035868 8440153
4561 6033535 8439713
3979 6040396 8447916
4601 6032121 8464742
6079 6036851 8464191
4287 6035548 8440305
4324 6035831 8440135
4352 6035880 8439915
4558 6033337 8439751
4560 6033519 8439633
3978 6040479 8447939
4597 6032136 8464719
4600 6032161 8464781
6081 6036790 8464301
4323 6035828 8440134
4351 6035937 8439809
4546 6033301 8439755
4529 6033428 8439308
3977 6040516 8447959
4599 6032203 8464630
4589 6032221 8464830
6083 6036777 8464330
4344 6036089 8439668
4547 6033237 8439809
4545 6033300 8439752
4532 6033418 8439276
3976 6040575 8447989
4598 6032205 8464628
4709 6032372 8464966
6082 6036774 8464329
4343 6036148 8439588
4548 6033221 8439822
4531 6033432 8439242
3975 6040626 8448024
4710 6032456 8465034
4342 6036255 8439488
4549 6033179 8439859
4530 6033485 8439006
3974 6040675 8448058
4713 6032525 8465018
4585 6032526 8465128
4325 6036331 8439401
4563 6033051 8439856
4677 6033478 8438828
3973 6040726 8448091
4712 6032556 8465008
4726 6032589 8465209
4327 6036431 8439294
4562 6032935 8439851
4676 6033475 8438784
3972 6040776 8448123
4711 6032559 8465007
4730 6032649 8465285
4326 6036517 8439221
4565 6032839 8439849
4675 6033472 8438763
3971 6040814 8448144
4728 6032699 8465231
4729 6032730 8465388
4339 6036585 8439164
4564 6032724 8439858
4674 6033431 8438658
4727 6032701 8465229
4716 6032867 8465582
4338 6036669 8438947
4567 6032553 8439872
4673 6033357 8438518
4715 6032848 8465596
4717 6032907 8465624
4341 6036724 8438769
4566 6032427 8439884
4672 6033289 8438393
4714 6032846 8465598
4731 6032960 8465671
4340 6036780 8438590
4569 6032310 8439899
4671 6033242 8438312
4733 6033074 8465813
4329 6036778 8438410
4568 6032203 8439912
4670 6033163 8438161
4732 6033113 8465768
4734 6033164 8465930
4328 6036719 8438321
4330 6036804 8438398
4571 6032147 8439918
4669 6033144 8438128
4719 6033153 8465727
4735 6033246 8466037
4313 6036717 8438318
4331 6036892 8438371
4570 6031969 8439936
4718 6033154 8465726
4722 6033226 8466103
4737 6033293 8466155
4333 6037066 8438297
4573 6031748 8439985
4721 6033210 8466145
4736 6033331 8466251
4332 6037122 8438274
4572 6031589 8440003
4720 6033209 8466148
4739 6033376 8466366
4315 6037269 8438260
4575 6031421 8440036
4738 6033402 8466297
4584 6033425 8466414
4314 6037423 8438257
4574 6031384 8440047
4723 6033403 8466295
4603 6033466 8466479
4316 6037608 8438251
4583 6031303 8440061
4725 6033527 8466438
4602 6033515 8466543
4318 6037646 8438238
4582 6031186 8440084
4724 6033529 8466436
4590 6033576 8466626
4317 6037708 8438230
4577 6031051 8440111
4605 6033582 8466611
4606 6033653 8466746
4348 6037853 8438191
4576 6030952 8440100
4604 6033583 8466608
5208 6033728 8466836
4310 6037736 8438127
4347 6037943 8438209
4579 6030863 8440087
5206 6033732 8466813
5189 6033797 8466928
5207 6033706 8466855
4309 6037728 8438122
4346 6038117 8438213
4578 6030752 8440074
4663 6033732 8466809
5191 6033986 8467095
5210 6033604 8466971
4345 6038339 8438225
4580 6030601 8440056
5190 6034002 8467053
5335 6034020 8467129
5209 6033442 8467174
4334 6038537 8438227
4581 6030348 8440059
5333 6034024 8466997
5334 6034060 8467160
5213 6033486 8467229
5199 6033329 8467309
6338 6030272 8439996
5332 6034041 8466969
5336 6034155 8467246
5212 6033557 8467328
5215 6033181 8467488
6337 6030268 8439993
5331 6034043 8466966
5338 6034210 8467304
5211 6033571 8467353
5214 6033094 8467595
5337 6034254 8467258
5340 6034316 8467441
5201 6033051 8467648
5192 6034257 8467254
5339 6034428 8467561
5200 6032896 8467832
5342 6034530 8467644
5216 6032733 8468015
5341 6034608 8467704
5219 6032648 8468103
5344 6034698 8467785
5217 6032657 8468073
5218 6032593 8468173
5343 6034728 8467894
5202 6032653 8468069
5221 6032550 8468294
5346 6034760 8468000
5220 6032516 8468373
5345 6034839 8468147
5223 6032455 8468514
5193 6034864 8468208
5222 6032408 8468681
5348 6034860 8468213
5350 6034927 8468310
5225 6032369 8468747
5347 6034856 8468214
5349 6034972 8468388
5224 6032353 8468799
5194 6035000 8468441
5227 6032343 8468833
5352 6035044 8468435
5353 6035019 8468596
5226 6032327 8468866
5351 6035055 8468434
5355 6035041 8468710
5203 6032324 8468865
5354 6035044 8468728
5182 6035057 8468795
5195 6035045 8468730
5196 6034945 8468887
5183 6035082 8468863
5198 6034905 8468954
5185 6035095 8468887
5197 6034823 8469054
5184 6035093 8468890
5186 6034828 8469221
5188 6034832 8469240
5187 6034833 8469245
