3326
2645
3323
2221
3312
3324
927
1972
13
436
1100
3247
3325
2922
2648
2223
928
1973
1101
3248
2924
2647
2222
3311
929
1975
12
434
1103
3249
2923
2646
2227
931
1974
1102
3269
2926
2649
2226
3309
930
1978
9
432
1106
2925
2835
2225
934
1977
1105
3267
3029
2224
3306
933
1976
7
431
1104
3266
3264
2833
2228
932
1980
1108
3265
3034
2832
2823
2285
3304
936
1979
5
428
1107
3277
3033
3031
2831
3303
935
1981
4
425
1109
3279
3032
3017
3016
2830
2292
938
1998
1160
3278
3257
3015
2829
2291
2286
1016
14
426
3283
3256
3014
3013
2828
2290
2283
2282
2000
1158
3282
3281
3263
3255
3011
3009
3012
2827
2294
1014
1999
2003
40
30
572
540
1157
1162
3280
3262
3010
3008
2826
2293
2289
1013
1010
2005
39
31
580
539
1156
1161
1155
3253
2999
2825
2288
1012
1009
2004
2002
38
32
579
538
1170
3252
2998
3004
2824
2296
1011
2007
37
33
618
1169
1167
3251
2997
3003
2805
2295
2287
1008
2006
2009
36
617
571
3276
2996
3002
2989
2806
2302
1007
1006
2008
2011
35
616
570
1110
1112
3275
2958
2982
2804
2301
2299
992
950
1002
2010
2001
34
559
1113
1111
3274
2954
2808
2298
994
998
1004
2016
60
569
1114
1115
3273
2944
2943
2969
2807
2810
2232
951
993
949
997
1000
1003
2015
2013
59
568
1183
1182
3272
2942
2941
2970
2809
2812
2231
2235
948
999
926
58
567
3271
2967
2974
2962
2811
2815
2230
2234
947
937
940
1982
1984
127
566
1186
3270
2961
2814
2229
2233
946
939
1018
1985
1983
126
565
537
1204
1184
3285
2972
2960
2813
2238
2237
989
996
1024
1987
1988
125
564
536
1205
1185
3284
3289
2986
2959
2817
2312
2236
990
995
945
1029
1986
2021
124
621
1206
1188
3300
3288
2985
2991
2955
2816
2304
991
987
944
1028
1025
1023
123
620
1187
1136
3299
3302
3259
3287
2990
2971
2966
2822
2310
980
979
943
1027
1022
2019
144
619
3298
3301
3261
3286
2965
2937
2821
2818
2309
2306
986
978
955
1026
1021
2018
2017
145
562
1202
3250
3260
3258
2964
2820
2308
2313
985
954
1033
2022
146
563
1201
3292
2963
2819
2307
2315
984
953
1032
1020
2023
147
560
558
1180
3291
3295
2981
2837
2305
2303
2324
2271
983
969
1019
2029
148
561
582
1179
1193
1178
3297
3290
3294
2980
2979
2836
2838
2323
2274
982
977
970
1042
2028
2026
152
624
583
1177
1200
1192
3296
3293
2983
2842
2840
2327
2318
981
971
1041
1039
2027
2025
2024
153
29
623
589
1176
1208
1191
2984
2977
2841
2839
2845
2326
2272
2317
966
972
1040
1038
2032
42
622
588
577
1207
1199
1190
2987
2976
2953
2847
2325
2322
2316
2314
965
973
1044
2031
43
587
576
1174
1210
1189
2988
2975
2782
2849
2846
2330
2321
2320
964
974
1043
1050
2030
44
586
575
1173
1171
1209
1198
2995
2785
2848
2852
2329
2331
2319
963
975
1049
2043
45
585
1172
1197
2994
2993
2945
2844
2784
2328
2333
962
976
968
1048
2042
2047
46
584
1165
1196
3001
3007
2946
2843
2861
2332
2334
961
967
1061
2041
2046
47
627
1164
1163
1195
3000
3006
2992
2947
2860
2850
2338
960
1060
2040
2039
2045
48
626
1194
3020
2948
2868
2337
2336
2335
959
1063
2038
2044
49
625
1211
2949
2876
2340
958
1062
1059
2037
2049
50
637
1213
3026
2957
2875
2874
2339
2275
957
956
1058
2036
2035
2048
2051
51
639
1212
1214
3025
3018
2956
2950
2871
2873
2872
2359
1093
2034
2050
52
28
638
636
591
1217
3028
3019
2951
2870
2370
2358
2357
2342
1092
1090
1089
2033
53
151
635
592
1216
1235
3027
3024
2869
2742
2369
2352
2269
2256
1091
1088
2052
54
162
27
634
593
1220
1234
1232
3023
2867
2882
2880
2368
2349
2255
1087
2055
2062
55
161
154
141
633
594
1233
3036
2866
2881
2653
2879
2877
2367
2354
2348
2254
1086
2071
56
160
142
632
1224
1274
1230
3035
3022
2865
2652
2878
2366
2353
2347
2258
2253
1085
1083
2053
2070
2069
57
159
166
143
631
1223
1273
1229
1226
3038
2651
2800
2792
2365
2356
2346
2345
2257
1084
2057
2075
158
165
630
1222
1218
1272
1228
3037
3042
2863
2650
2364
2355
2361
2363
2056
2061
2074
157
164
139
629
1221
1215
1227
1225
2862
2745
2798
2684
2371
2360
2362
2344
1081
2060
2065
2073
156
186
138
628
1270
3040
2656
2744
2797
2683
2376
2278
2343
1080
2059
2066
2064
2072
174
185
163
137
641
1269
3039
2658
2743
2796
2682
2375
2373
1079
2058
2068
2063
2077
173
155
136
640
596
1268
1265
3053
2657
2681
2379
2372
2377
1078
1076
2067
2076
2079
172
134
654
598
595
1264
3052
3046
3045
2795
2378
2374
2381
1077
2078
2082
135
653
597
1263
1261
3051
3055
3044
2794
2754
2384
2380
1074
132
652
1262
1260
3050
3054
3043
2655
2383
2385
1073
2080
133
651
1257
1256
3049
3057
2698
2756
2382
2389
1072
1069
2086
131
650
1253
1255
3048
3056
3058
2697
2757
2395
2387
1071
1068
2085
2084
130
649
1294
1254
3047
3061
2700
2883
2394
2388
2386
1070
2092
2083
129
648
1300
3060
2699
2884
2393
2396
1067
2091
2096
128
647
1301
1299
1297
3063
2737
2892
2397
1066
2090
2095
2094
150
646
643
1303
3062
3059
2736
2659
2894
2400
2399
1065
2089
2093
149
168
645
642
1304
1302
1120
1121
3070
2660
2895
2893
2889
2403
2398
1064
2088
2100
169
644
553
1308
1119
1117
3069
3067
2661
2896
2899
2890
1057
2087
2099
2098
170
655
1309
1118
1116
3068
3071
2662
2900
2898
2411
1056
2097
2104
171
657
590
1310
1305
1289
1290
3072
2938
2663
2901
2897
2888
2410
2413
1055
1053
2103
2101
184
660
661
1307
3065
3074
2664
2902
2887
2412
2401
1054
1051
1052
2102
183
188
179
659
656
665
1306
1293
3064
2665
2903
2727
2886
2417
1047
2107
182
178
190
187
196
658
664
1292
1291
3081
2666
2907
2753
2726
2885
2433
2419
1046
2108
2106
181
195
667
1281
3080
3078
2667
2906
2752
2725
2432
2431
2418
1045
1037
2105
180
192
92
666
663
1280
3086
3077
3075
2704
2905
2751
2724
2430
2437
1036
1034
2110
194
191
90
662
1279
3085
3079
3076
3082
2703
2904
2750
2781
2427
2429
2436
2439
2109
2111
176
198
199
668
1295
3087
3083
2702
2749
2780
2673
2426
2450
2435
2438
2440
942
2112
177
197
193
203
669
578
1311
1282
3088
3091
3084
2748
2779
2672
2425
2420
2449
2448
2434
2442
941
2115
107
103
202
200
674
1324
1314
1283
3089
3090
2747
2778
2424
2447
2445
2441
1031
108
102
201
673
670
1323
1327
1313
3092
2746
2777
2423
2421
1030
2113
206
672
1322
1326
1325
1277
3094
2939
2711
2776
2416
2443
2121
205
671
1331
1252
3093
3121
2710
2775
2268
2415
2120
2119
204
601
1330
1333
1251
1246
3120
3116
2709
2774
2414
2408
2118
211
1332
1329
1250
1245
1244
3123
3115
2708
2773
2409
2117
599
1320
1328
1249
1243
1242
3122
3125
3114
2707
2772
2407
2404
2116
209
686
1319
1345
1248
3131
3124
2940
3113
2706
2705
2771
2654
2452
2406
2126
208
685
681
680
1316
1315
1346
1247
3103
3102
2741
2770
2910
2451
2457
2405
2125
207
684
603
1285
1278
1312
1348
3137
3119
3101
2740
2712
2769
2911
2909
2458
2456
2392
2391
2129
217
683
678
602
1287
1284
1275
1266
1347
3136
3129
3100
2739
2765
2768
2908
2460
2455
2390
2128
2124
216
688
677
696
1286
1318
1267
1350
1135
3117
3099
2738
2764
2789
2459
2454
2123
215
687
690
676
675
695
1317
1258
1349
1351
1134
3135
3098
3095
2853
2763
2790
2463
2453
2122
214
213
689
682
698
1259
1359
3134
3133
2854
2762
2791
2462
2473
2135
222
212
109
697
694
1239
3132
3096
2855
2761
2788
2766
2461
2472
2471
2134
2133
221
220
110
693
1241
1236
1361
3109
3107
3112
2856
2760
2787
2767
2465
2469
2470
2132
223
219
218
692
1240
1238
1237
1362
3108
3106
3111
2859
2758
2786
2464
2468
2259
2131
224
691
1363
3105
3110
2858
2759
2914
2467
2475
225
719
1371
3104
2913
2916
2466
2474
2483
104
112
718
717
1378
3128
2671
2915
2912
2477
111
89
722
716
3127
2735
2918
2485
2138
721
724
706
1376
3126
2734
2670
2917
2803
2480
2486
2137
2136
726
723
707
704
1375
3141
2733
2669
2802
2479
2495
2144
1992
720
708
1381
3140
3138
2732
2668
2801
2478
2494
2506
2143
1991
228
727
709
1380
1374
3139
2731
2721
2481
2505
2503
2142
1990
733
710
1379
1373
3143
2730
2720
2482
2509
2502
2141
1989
230
732
731
728
703
1372
3142
2930
2729
2679
2489
2508
2504
2140
229
735
730
702
699
1384
3144
2678
2491
2521
2139
234
113
734
737
729
701
2677
2498
2520
2155
233
740
736
700
1386
3146
2676
2497
2501
2519
2154
2161
232
1387
1139
3147
2723
2500
2512
2557
231
114
738
1388
3148
2722
2719
2496
2511
2499
2556
2157
2159
242
744
1393
1144
3149
2718
2510
2526
2279
2164
2158
241
240
238
746
745
613
1392
1146
3150
2717
2492
2525
2524
2522
2570
2167
2163
2180
245
115
239
761
752
611
1391
1122
3151
2680
2490
2540
2523
2528
2569
2280
2166
1993
2162
2179
2182
237
236
764
757
751
750
612
1390
1123
1130
3152
2675
2488
2551
2539
2579
2165
1994
2153
2145
2181
243
259
235
763
760
756
1389
1126
1129
3153
2674
2487
2550
2530
2517
2534
2578
2585
2267
2152
246
265
759
755
749
1382
1125
1128
3154
2692
2562
2516
2513
2533
2542
2577
1996
2151
248
264
273
758
748
1124
1127
3161
2691
2561
2566
2558
2515
2532
2549
2576
2572
2589
2178
2150
247
252
272
607
747
1368
1147
1149
3160
3155
2690
2560
2565
2567
2514
2507
2548
2546
2575
2588
2595
2177
2149
251
257
297
785
604
606
1369
3156
2689
2564
2547
2574
2571
2594
2593
2176
2148
250
256
303
787
778
784
1370
1403
3157
2688
2555
2563
2573
2606
2175
2147
249
302
309
791
786
777
773
783
605
1354
1402
1399
3158
2687
2554
2277
2568
2611
2174
2146
2127
253
275
310
790
789
776
1367
1407
1400
3159
2686
2553
2590
2587
2615
2610
2608
2173
254
276
308
105
819
775
774
1366
1365
1406
1405
1401
3172
2685
2552
2545
2591
2599
2276
2614
2609
2607
2172
255
294
271
106
828
818
772
765
1364
1355
1404
1148
3171
3173
2693
2544
2543
2592
2600
2586
2260
2633
2605
2604
2627
2171
116
261
295
837
810
771
766
1356
1398
1397
3177
2694
2538
2535
2541
2598
2620
2582
2632
2634
2603
2626
2170
117
260
296
841
829
807
804
770
767
1357
1409
1396
3176
3181
2695
2537
2531
2529
2621
2583
2644
2596
2169
119
81
293
291
286
845
614
809
769
1358
1395
1394
3174
3180
3175
2696
2536
2602
2622
2581
2266
2643
2642
2168
80
292
290
287
844
615
796
768
762
1353
1413
3191
2716
2281
2601
2623
2580
2265
2185
270
79
289
850
812
795
1352
1334
1412
3190
3183
2715
2613
2624
2263
2264
2640
2184
269
120
78
299
122
285
849
843
811
813
794
1335
1411
1420
3182
2714
2612
2625
2639
2636
2183
268
278
77
305
284
857
815
793
1336
1410
2713
2617
2638
2194
267
277
121
76
304
300
283
282
856
854
814
792
1337
1418
3178
2616
2637
2635
2193
266
75
307
281
279
855
788
1338
1428
3170
2192
74
306
301
280
1339
1427
1417
3169
2261
2206
73
873
1344
1416
3168
2619
2205
72
874
872
1343
1340
1415
3167
2204
312
875
861
543
1341
1438
3166
2631
2203
311
71
876
820
544
1342
1437
1442
3165
2630
2628
2202
70
881
871
1445
3164
2201
69
882
822
870
879
1457
1444
3162
2244
2200
314
883
880
878
1443
3163
2199
313
68
884
868
886
1468
1474
3184
2931
2251
2249
2248
2247
2245
2198
67
889
867
885
877
1467
1479
1473
3185
2250
2243
2246
2197
66
890
866
902
1496
1494
3187
3189
2242
2240
2196
65
891
865
901
534
1495
1521
1493
3186
3188
2241
2239
2195
892
864
1552
1492
1508
3195
2191
263
893
888
863
898
1553
1475
1526
3194
2190
317
894
887
858
905
1554
1525
3193
2189
322
316
61
895
859
904
899
1557
1471
1524
3192
2188
324
315
62
896
860
900
1561
1556
1470
2187
323
321
63
853
516
906
1555
1469
2186
320
64
852
515
908
1559
1575
1455
329
85
851
907
1558
1574
1585
1478
1454
2936
3201
331
328
84
83
848
847
910
1548
1547
3200
3199
3198
3197
330
333
327
82
842
846
911
1539
1538
1583
1476
1447
3202
3196
318
840
839
834
912
909
1535
1543
1599
1507
1446
3203
334
319
830
838
581
835
913
1541
1534
1542
1598
1597
1138
1506
1430
1429
3208
342
96
836
522
914
1540
1596
1624
1137
3207
343
26
25
95
823
523
915
1628
3206
20
335
24
94
824
524
1594
3205
19
337
23
93
535
554
506
504
502
495
916
1593
1636
3204
336
341
22
97
825
817
505
503
494
489
1592
1586
1635
1626
1612
344
339
340
21
98
826
816
610
556
517
493
488
486
483
1582
1580
1656
1611
3211
373
338
348
325
99
827
609
555
518
492
487
485
482
1581
1655
1625
1619
3212
372
371
88
347
326
100
574
608
806
519
491
484
1573
1570
1683
1618
1616
3213
2929
370
87
350
573
805
520
1572
1682
1684
1680
1617
1615
3214
2928
368
375
379
349
346
803
1571
1686
1696
1614
3217
2927
367
378
86
352
802
1567
1565
1562
1685
1695
1623
3216
3215
3209
366
365
377
351
353
801
1566
1564
1690
1703
1622
3218
101
376
356
18
832
800
1579
1563
1544
1702
1632
3219
355
354
16
799
1692
1701
1631
3220
2934
357
17
468
798
1577
1532
1691
1688
1142
1659
3224
2933
362
360
782
1604
1533
1531
1517
1694
1141
1677
1664
3223
2932
363
358
359
781
1603
1576
1551
1530
1518
1693
1687
1140
1676
1663
3222
364
361
780
1630
1550
1549
1529
1519
1721
1675
3221
779
1629
1569
1514
1512
1520
1720
1729
1724
1674
3228
552
1588
1568
1523
1505
1502
1719
1728
1723
1673
3227
458
551
1591
1587
1522
1513
1504
1500
1501
1487
1718
1738
1731
1672
3231
459
550
1590
1589
1610
1527
1497
1488
1715
1714
1737
1727
1730
1722
1708
3230
3226
460
549
1602
1537
1480
1489
1736
1707
1711
3229
3233
446
542
1601
1153
1608
1546
1536
1481
1490
1485
1466
1735
1741
1710
1709
3232
3225
447
548
1154
1607
1545
1482
1491
1484
1465
1740
1739
1713
3236
448
547
541
1621
1634
1483
1499
1464
1717
1712
3235
449
546
1620
1613
1633
1606
1459
1431
1716
1726
3234
450
545
1605
1510
1460
1432
1725
1734
3241
452
753
1650
1509
1511
1461
1433
3243
3240
3239
466
451
754
1649
1645
1644
1516
1462
1434
1732
3242
3244
3238
467
456
454
743
1648
1653
1515
1463
1423
1742
3246
3237
474
455
453
742
1647
1151
1642
1652
1658
1449
1453
1424
1747
3245
475
465
464
462
741
1679
1640
1641
1657
1651
1452
1425
1746
1745
1743
477
463
461
715
445
444
1678
1646
1639
1638
1662
1451
1426
1749
1744
476
478
473
714
442
443
1637
1661
1660
1450
1414
1422
1765
479
472
713
1666
1654
1441
1439
1421
1750
1766
480
471
712
1669
1665
1133
1440
1752
1754
1772
1763
481
508
711
1671
1132
1131
1436
1435
1755
1751
1753
1773
507
440
437
1667
1670
1681
1758
1760
1774
514
490
441
438
1698
1757
1756
1759
1782
528
501
500
498
470
439
1697
1700
1762
1784
529
513
512
499
497
469
1699
1706
1761
1770
1785
1781
1776
530
527
526
509
511
496
1705
1769
1789
1780
1775
532
525
510
1704
1790
1783
1779
1771
1799
533
531
1791
1778
1798
1797
918
1793
1786
1777
1796
1794
1768
1767
1816
920
1800
1792
1815
921
1804
1827
922
1807
1803
1801
1826
1825
1808
1802
1795
1848
1809
1821
1788
1787
1857
1847
1810
1805
1822
1820
1877
1854
1811
1806
1824
1876
1856
1812
1830
1855
1813
1834
1152
1818
1833
1844
1819
1814
1851
1843
1836
1865
1837
1817
1864
1869
1838
1880
1839
1879
1863
1867
1840
1878
1862
1866
1841
1899
1885
1842
1898
1895
1884
1887
1870
1911
1888
1881
1886
1890
1871
1835
1910
1897
1883
1892
1872
1896
1882
1858
1894
1873
1924
1859
1909
1901
1893
1874
1923
1916
1915
1861
1908
1904
1900
1903
1889
1875
1922
1927
1914
1860
1853
1907
1891
1902
1921
1913
1852
1906
1932
1925
1912
1849
1829
1905
1931
1920
1928
1846
1845
1828
1919
1930
1832
1831
1823
1918
1929
1934
1917
1933
1935
1954
1937
1939
1955
1936
1941
1938
1956
1940
1944
1946
1945
1943
1942
1949
1953
1951
1952
1950
1948
1947
1958
1957
1961
1960
1959
1964
1966
1962
1967
1965
1968
1963
1969
